4294967278,6
4294967278,5
4294967278,4
4294967279,132
4294967279,131
4294967279,130
4294967278,345
4294967279,262
4294967278,258
4294967278,18
4294967278,17
4294967278,16
4294967278,15
4294967278,14
4294967278,13
4294967278,12
4294967278,11
4294967278,10
4294967278,9
4294967278,8
4294967278,7
4294967279,261
4294967279,259
4294967294,160
4294967294,168
4294967294,162
4294967278,344
4294967278,343
4294967294,12
4294967294,104
4294967294,106
4294967294,166
4294967294,24
4294967294,175
4294967294,176
4294967278,36
4294967278,35
4294967278,34
4294967278,33
4294967278,32
4294967278,31
4294967278,30
4294967278,29
4294967278,28
4294967278,27
4294967278,26
4294967278,25
4294967278,24
4294967278,23
4294967278,22
4294967278,21
4294967278,20
4294967278,19
4294967279,23
4294967279,21
4294967279,19
4294967279,18
4294967279,15
4294967279,13
4294967279,12
4294967279,11
4294967294,22
4294967294,11
4294967278,342
4294967278,248
4294967278,246
4294967278,244
4294967278,242
4294967278,240
4294967278,236
4294967278,341
28,5
4294967294,387
4294967278,234
4294967278,232
28,4
28,3
28,2
28,1
4294967278,230
4294967278,228
4294967278,226
27,4
4294967278,224
27,3
27,2
27,1
4294967278,223
4294967278,222
4294967278,220
26,4
4294967278,218
26,3
26,2
26,1
4294967294,16
4294967278,216
4294967278,211
4294967294,473
4294967278,210
4294967278,209
4294967278,206
25,5
4294967278,205
25,4
25,3
25,2
25,1
4294967279,408
4294967278,204
4294967278,203
4294967294,114
4294967279,407
4294967278,340
4294967279,406
4294967278,197
4294967278,196
4294967279,405
4294967278,195
4294967278,339
4294967279,404
4294967278,192
4294967278,191
4294967278,190
4294967278,189
4294967278,185
4294967278,184
4294967294,89
4294967278,183
4294967278,181
4294967278,178
4294967278,180
4294967278,179
4294967278,338
4294967278,177
4294967294,42
4294967294,1160
4294967294,413
4294967294,29
4294967294,392
4294967294,46
4294967294,389
4294967294,390
4294967294,120
4294967294,115
4294967294,155
4294967294,51
4294967294,45
4294967294,43
4294967294,430
4294967294,44
0,5
4294967278,171
4294967278,170
4294967278,167
4294967278,169
4294967278,168
4294967278,337
4294967278,166
4294967294,53
4294967278,165
4294967278,336
4294967278,164
4294967294,84
4294967294,426
4294967294,83
4294967294,5
4294967294,107
4294967294,50
4294967294,92
4294967294,90
4294967294,88
4294967294,86
4294967279,403
4294967279,0
4294967294,99
4294967278,161
4294967278,160
4294967294,395
4294967294,1067
4294967294,128
4294967294,399
4294967294,178
4294967294,154
4294967294,407
4294967294,179
4294967294,183
4294967294,398
4294967294,406
4294967294,415
4294967294,599
4294967294,153
4294967294,167
4294967294,116
4294967294,110
4294967294,453
4294967294,455
4294967294,158
4294967294,469
4294967294,1163
4294967278,159
4294967278,0
4294967278,132
4294967278,131
4294967278,130
4294967278,256
4294967278,129
4294967278,128
4294967278,127
4294967278,255
4294967278,126
4294967278,125
4294967278,124
4294967278,123
4294967278,122
4294967278,251
4294967278,121
4294967278,120
4294967278,119
4294967278,118
4294967278,117
4294967278,116
4294967278,239
4294967278,115
4294967278,114
4294967278,113
4294967278,235
4294967278,112
4294967278,158
4294967278,111
4294967278,231
4294967278,110
4294967278,109
4294967278,108
4294967278,107
4294967278,106
4294967278,105
4294967278,219
4294967278,104
4294967278,217
4294967278,103
4294967278,102
4294967278,101
4294967278,100
4294967278,99
4294967278,98
4294967278,97
4294967278,96
4294967278,95
4294967278,94
4294967278,93
4294967278,92
4294967278,91
4294967278,90
4294967278,89
4294967278,87
4294967278,86
4294967278,85
4294967278,84
4294967278,83
4294967278,82
4294967278,81
4294967278,80
4294967278,79
4294967278,78
4294967278,77
4294967278,76
4294967278,75
4294967278,74
4294967278,73
4294967278,72
4294967278,71
4294967278,70
4294967278,69
4294967278,68
4294967278,67
4294967278,66
4294967278,65
4294967278,64
4294967278,63
4294967278,62
4294967278,61
4294967278,60
4294967278,59
4294967278,58
4294967278,57
4294967278,56
4294967278,55
4294967278,54
4294967278,53
4294967278,52
4294967278,51
4294967278,50
4294967278,49
4294967278,48
4294967278,47
4294967278,46
4294967278,44
4294967278,43
4294967278,42
4294967278,40
4294967278,39
4294967279,24
4294967279,22
4294967279,20
4294967279,17
4294967279,16
4294967279,14
4294967279,268
4294967279,286
4294967279,10
4294967279,9
4294967279,285
4294967279,8
4294967279,7
4294967279,6
4294967279,5
4294967279,4
4294967278,335
4294967278,45
4294967278,156
4294967278,153
4294967278,155
21,5
21,4
4294967278,154
21,3
21,2
21,1
4294967278,334
4294967278,41
0,7
4294967278,152
4294967294,81
4294967294,68
4294967278,151
4294967294,2
4294967278,37
4294967278,38
4294967279,402
4294967279,260
4294967294,186
4294967294,129
4294967294,91
4294967294,87
